0000000000000000000000000000000000000001
0000000000000000000000001110100000000001
0000000000000000000000000000000000000001
0000000000001000000000001110100000000001
0000000000000010000000000010000000000001
0000000001000000000000001110001000000001
0000000000000000000000000000000000000001
0000000000001010000000010010000000000001
0000000000011000000000001110001000000001
0000000000000000000000000000000000000001
0000000000100010000000100010000000000001
0000000011100010000000100011010000000001
0000000000010001000010000010001001000001
0000000000011001000010000010001000000001
0000000011101000000000001110001000000001
0000000000000000000000000000000000000001
0000000000101000000000001111001000000001
0000000001001010000000110010000000000001
0000000001101010000000110011010000000001
0000000000111001000010000010001001000001
0000000001000001000010000010001000000001
0000000001110000000000001110001000000001
0000000000000000000000000000000000000001
0000000001010000000000001111001000000001
0000000010000010000001110010000000000001
0000000001111010000010000010001000000001
0000000001110010000001000010001000000001
0000000001101010000001010010001000000001
0000000001100010000001100010001000000001
0000000000000000000000000000000000000001
0000000010001000000000001110001000000001
0000000010011010000011000010000000000001
0000000010010010000011010010001000000001
0000000010001010000010010010001000000001
0000000010000010000010100010001000000001
0000000001111010000010110010001000000001
0000000000000000000000000000000000000001
0000000010100000000000001110001000000001
0000000010110010000100010010000000000001
0000000010101010000100100010001000000001
0000000010100010000011100010001000000001
0000000010011010000011110010001000000001
0000000010010010000100000010001000000001
0000000000000000000000000000000000000001
0000000010111000000000001110001000000001
0000000011001010000101100010000000000001
0000000011000010000101110010001000000001
0000000010111010000100110010001000000001
0000000010110010000101000010001000000001
0000000010101010000101010010001000000001
0000000000000000000000000000000000000001
0000000011010000000000001110001000000001
0000000011111010000110110010000000000001
0000000011110010000111000010001000000001
0000000011101010000110000010001000000001
0000000011100010000110010010001000000001
0000000011011010000110100010001000000001
0000000000000000000000000000000000000001
0000000100000000000000001110001000000001
0000000100010010001000000010000000000001
0000000100001010001000010010001000000001
0000000100000010000111010010001000000001
0000000011111010000111100010001000000001
0000000011110010000111110010001000000001
0000000000000000000000000000000000000001
0000000100011000000000001110001000000001
0000000100101010001001010010000000000001
0000000100100010001001100010001000000001
0000000100011010001000100010001000000001
0000000100010010001000110010001000000001
0000000100001010001001000010001000000001
0000000000000000000000000000000000000001
0000000100110000000000001110001000000001
0000000101000010001010100010000000000001
0000000100111010001010110010001000000001
0000000100110010001001110010001000000001
0000000100101010001010000010001000000001
0000000100100010001010010010001000000001
0000000000000000000000000000000000000001
0000000101001000000000001110001000000001
0000000011010010001011000010000000000001
0000000101001010001011010010001000000001
0000000101010000000000001110001000000001
0000000011010010001011100010000000000001
0000000101001010001011110010001000000001
0000000101011000000000001110001000000001
0000000011010010001100000010000000000001
0000000101001010001100010010001000000001
0000000101100000000000001110001000000001
0000000011010010001100100010000000000001
0000000101001010001100110010001000000001
0000000101101000000000001110001000000001
0000000101010010001101000010000000000001
0000000101110000000000001110001000000001
0000000101011010001101010010000000000001
0000000101111000000000001110001000000001
0000000101100010001101100010000000000001
0000000110000000000000001110001000000001
0000000101101010001101110010000000000001
0000000110001000000000001110001000000001
0000000101110010001110000010000000000001
0000000110011000000000001110001000000001
0000000000000000000000000000000000000001
0000000101111010001110010010000000000001
0000000111000000000000001110001000000001
0000000000000000000000000000000000000001
0000000110000010001110100010000000000001
0000000111101000000000001110001000000001
0000000000000000000000000000000000000001
0000000110001010001110110010000000000001
0000001000010000000000001110001000000001
0000000000000000000000000000000000000001
0000000110100010001111000010000000000001
0000001000111010001111000011010000000001
0000000110010001000010000010001001000001
0000000110011001000010000010001000000001
0000001001000000000000001110001000000001
0000000000000000000000000000000000000001
0000000110101000000000001111001000000001
0000000111001010001111010010000000000001
0000001011100010001111010011010000000001
0000000110111001000010000010001001000001
0000000111000001000010000010001000000001
0000001011101000000000001110001000000001
0000000000000000000000000000000000000001
0000000111010000000000001111001000000001
0000000111110010001111100010000000000001
0000010000110010001111100011010000000001
0000000111100001000010000010001001000001
0000000111101001000010000010001000000001
0000010000111000000000001110001000000001
0000000000000000000000000000000000000001
0000000111111000000000001111001000000001
0000001000011010001111110010000000000001
0000001110001010001111110011010000000001
0000001000001001000010000010001001000001
0000001000010001000010000010001000000001
0000001110010000000000001110001000000001
0000000000000000000000000000000000000001
0000001000100000000000001111001000000001
0000001001101010010000110010000000000001
0000001001100010010001000010001000000001
0000001001010010010000110011010000000001
0000001001001010010001000010001000000001
0000001001000010010000000010001000000001
0000001000111010010000010010001000000001
0000001000110010010000100010001000000001
0000000000000000000000000000000000000001
0000001001011000000000001110001000000001
0000001001110000000000001111001000000001
0000001010011010010010000010000000000001
0000001010010010010010010010001000000001
0000001010000010010010000011010000000001
0000001001111010010010010010001000000001
0000001001011010010001010010001000000001
0000001001010010010001100010001000000001
0000001001001010010001110010001000000001
0000000000000000000000000000000000000001
0000001010001000000000001110001000000001
0000001010100000000000001111001000000001
0000001011001010010011010010000000000001
0000001011000010010011100010001000000001
0000001010110010010011010011010000000001
0000001010101010010011100010001000000001
0000001010001010010010100010001000000001
0000001010000010010010110010001000000001
0000001001111010010011000010001000000001
0000000000000000000000000000000000000001
0000001010111000000000001110001000000001
0000001011010000000000001111001000000001
0000001100010010010100100010000000000001
0000001100001010010100110010001000000001
0000001011111010010100100011010000000001
0000001011110010010100110010001000000001
0000001011101010010011110010001000000001
0000001011100010010100000010001000000001
0000001011011010010100010010001000000001
0000000000000000000000000000000000000001
0000001100000000000000001110001000000001
0000001100011000000000001111001000000001
0000001101000010010101110010000000000001
0000001100111010010110000010001000000001
0000001100101010010101110011010000000001
0000001100100010010110000010001000000001
0000001100000010010101000010001000000001
0000001011111010010101010010001000000001
0000001011110010010101100010001000000001
0000000000000000000000000000000000000001
0000001100110000000000001110001000000001
0000001101001000000000001111001000000001
0000001101110010010111000010000000000001
0000001101101010010111010010001000000001
0000001101011010010111000011010000000001
0000001101010010010111010010001000000001
0000001100110010010110010010001000000001
0000001100101010010110100010001000000001
0000001100100010010110110010001000000001
0000000000000000000000000000000000000001
0000001101100000000000001110001000000001
0000001101111000000000001111001000000001
0000001110111010011000010010000000000001
0000001110110010011000100010001000000001
0000001110100010011000010011010000000001
0000001110011010011000100010001000000001
0000001110010010010111100010001000000001
0000001110001010010111110010001000000001
0000001110000010011000000010001000000001
0000000000000000000000000000000000000001
0000001110101000000000001110001000000001
0000001111000000000000001111001000000001
0000001111101010011001100010000000000001
0000001111100010011001110010001000000001
0000001111010010011001100011010000000001
0000001111001010011001110010001000000001
0000001110101010011000110010001000000001
0000001110100010011001000010001000000001
0000001110011010011001010010001000000001
0000000000000000000000000000000000000001
0000001111011000000000001110001000000001
0000001111110000000000001111001000000001
0000010000011010011010110010000000000001
0000010000010010011011000010001000000001
0000010000000010011010110011010000000001
0000001111111010011011000010001000000001
0000001111011010011010000010001000000001
0000001111010010011010010010001000000001
0000001111001010011010100010001000000001
0000000000000000000000000000000000000001
0000010000001000000000001110001000000001
0000010000100000000000001111001000000001
0000010001100010011100000010000000000001
0000010001011010011100010010001000000001
0000010001001010011100000011010000000001
0000010001000010011100010010001000000001
0000010000111010011011010010001000000001
0000010000110010011011100010001000000001
0000010000101010011011110010001000000001
0000000000000000000000000000000000000001
0000010001010000000000001110001000000001
0000010001101000000000001111001000000001
0000010010010010011101010010000000000001
0000010010001010011101100010001000000001
0000010001111010011101010011010000000001
0000010001110010011101100010001000000001
0000010001010010011100100010001000000001
0000010001001010011100110010001000000001
0000010001000010011101000010001000000001
0000000000000000000000000000000000000001
0000010010000000000000001110001000000001
0000010010011000000000001111001000000001
0000010011000010011110100010000000000001
0000010010111010011110110010001000000001
0000010010101010011110100011010000000001
0000010010100010011110110010001000000001
0000010010000010011101110010001000000001
0000010001111010011110000010001000000001
0000010001110010011110010010001000000001
0000000000000000000000000000000000000001
0000010010110000000000001110001000000001
0000010011001000000000001111001000000001
0000010011110010011111110010000000000001
0000010011101010100000000010001000000001
0000010011011010011111110011010000000001
0000010011010010100000000010001000000001
0000001010111010011111000010001000000001
0000001010110010011111010010001000000001
0000001010101010011111100010001000000001
0000000000000000000000000000000000000001
0000010011100000000000001110001000000001
0000010011111000000000001111001000000001
0000010100100010100001000010000000000001
0000010100011010100001010010001000000001
0000010100001010100001000011010000000001
0000010100000010100001010010001000000001
0000010011100010100000010010001000000001
0000010011011010100000100010001000000001
0000010011010010100000110010001000000001
0000000000000000000000000000000000000001
0000010100010000000000001110001000000001
0000010100101000000000001111001000000001
0000010101010010100010010010000000000001
0000010101001010100010100010001000000001
0000010100111010100010010011010000000001
0000010100110010100010100010001000000001
0000010100010010100001100010001000000001
0000010100001010100001110010001000000001
0000010100000010100010000010001000000001
0000000000000000000000000000000000000001
0000010101000000000000001110001000000001
0000010101011000000000001111001000000001
0000010110000010100011100010000000000001
0000010101111010100011110010001000000001
0000010101101010100011100011010000000001
0000010101100010100011110010001000000001
0000001101100010100010110010001000000001
0000001101011010100011000010001000000001
0000001101010010100011010010001000000001
0000000000000000000000000000000000000001
0000010101110000000000001110001000000001
0000010110001000000000001111001000000001
0000010110110010100100110010000000000001
0000010110101010100101000010001000000001
0000010110011010100100110011010000000001
0000010110010010100101000010001000000001
0000010101110010100100000010001000000001
0000010101101010100100010010001000000001
0000010101100010100100100010001000000001
0000000000000000000000000000000000000001
0000010110100000000000001110001000000001
0000010110111000000000001111001000000001
0000010111100010100110000010000000000001
0000010111011010100110010010001000000001
0000010111001010100110000011010000000001
0000010111000010100110010010001000000001
0000010110100010100101010010001000000001
0000010110011010100101100010001000000001
0000010110010010100101110010001000000001
0000000000000000000000000000000000000001
0000010111010000000000001110001000000001
0000010111101000000000001111001000000001
0000011000010010100111010010000000000001
0000011000001010100111100010001000000001
0000010111111010100111010011010000000001
0000010111110010100111100010001000000001
0000010000001010100110100010001000000001
0000010000000010100110110010001000000001
0000001111111010100111000010001000000001
0000000000000000000000000000000000000001
0000011000000000000000001110001000000001
0000011000011000000000001111001000000001
0000011001000010101000100010000000000001
0000011000111010101000110010001000000001
0000011000101010101000100011010000000001
0000011000100010101000110010001000000001
0000011000000010100111110010001000000001
0000010111111010101000000010001000000001
0000010111110010101000010010001000000001
0000000000000000000000000000000000000001
0000011000110000000000001110001000000001
0000011001001000000000001111001000000001
0000011001110010101001110010000000000001
0000011001101010101010000010001000000001
0000011001011010101001110011010000000001
0000011001010010101010000010001000000001
0000011000110010101001000010001000000001
0000011000101010101001010010001000000001
0000011000100010101001100010001000000001
0000000000000000000000000000000000000001
0000011001100000000000001110001000000001
0000011001111000000000001111001000000001
0000011010100010101011000010000000000001
0000011010011010101011010010001000000001
0000011010001010101011000011010000000001
0000011010000010101011010010001000000001
0000010010110010101010010010001000000001
0000010010101010101010100010001000000001
0000010010100010101010110010001000000001
0000000000000000000000000000000000000001
0000011010010000000000001110001000000001
0000011010101000000000001111001000000001
0000011011010010101100010010000000000001
0000011011001010101100100010001000000001
0000011010111010101100010011010000000001
0000011010110010101100100010001000000001
0000011010010010101011100010001000000001
0000011010001010101011110010001000000001
0000011010000010101100000010001000000001
0000000000000000000000000000000000000001
0000011011000000000000001110001000000001
0000011011011000000000001111001000000001
0000011100000010101101100010000000000001
0000011011111010101101110010001000000001
0000011011101010101101100011010000000001
0000011011100010101101110010001000000001
0000011011000010101100110010001000000001
0000011010111010101101000010001000000001
0000011010110010101101010010001000000001
0000000000000000000000000000000000000001
0000011011110000000000001110001000000001
0000011100001000000000001111001000000001
0000010101000000000000001100000000000001
0000010101000111111111110010000000000001
0000000000000000000000000000000000000001
0000011101010000000000001110001000000001
0000011101011000000000001111001000000001
0000011100101001000010000010000000000001
0000011100101010110110100010001001000001
0000011101011010110110100010001000000001
0000011100011001000010000011010000000001
0000011100011010110110100010001001000001
0000011101010010110110101000001000000001
0000011101010010110110100010001000000001
0000000000000000000000000000000000000001
0000011100100000000000001110001000000001
0000011100110000000000001111001000000001
0000011101100000000000001111011000000001
0000011101100001000110100010000000000001
0000000000000000000000000000000000000001
0000011101101000000000001110001000000001
0000011101110000000000001111001000000001
0000011101101000000000001100000000000001
0000000000000000000000000000000000000001
0000000000000010101110011010000100000001
1111111111100001000010000010000000000001
0000000000000010101110001010000100000001
1111111111100001000010000010001001000001
0000011100111000000000001110001000000001
0000011101110000000000001100000000000001
0000011100111111111111110010000000000001
1111111111100001000010000010001000000001
0000011101001000000000001110001000000001
0000011101001000000000001100000000000001
0000010101000111111111110010000000000001
0000011100010000000000001110001000000001
0000010111010000000000001100000000000001
0000010111010111111111110010000000000001
0000000000000000000000000000000000000001
0000011110111000000000001110001000000001
0000011111000000000000001111001000000001
0000011110010001000010000010000000000001
0000011110010010111111010010001001000001
0000011111000010111111010010001000000001
0000011110000001000010000011010000000001
0000011110000010111111010010001001000001
0000011110111010111111011000001000000001
0000011110111010111111010010001000000001
0000000000000000000000000000000000000001
0000011110001000000000001110001000000001
0000011110011000000000001111001000000001
0000011111001000000000001111011000000001
0000011111001001000110100010000000000001
0000000000000000000000000000000000000001
0000011111010000000000001110001000000001
0000011111011000000000001111001000000001
0000011111010000000000001100000000000001
0000000000000000000000000000000000000001
0000000000000010110111001010000100000001
1111111111100001000010000010000000000001
0000000000000010110110111010000100000001
1111111111100001000010000010001001000001
0000011110100000000000001110001000000001
0000011111011000000000001100000000000001
0000011110100111111111110010000000000001
1111111111100001000010000010001000000001
0000011110110000000000001110001000000001
0000011110110000000000001100000000000001
0000010111010111111111110010000000000001
0000011101111000000000001110001000000001
0000011011110000000000001100000000000001
0000011011110111111111110010000000000001
0000000000000000000000000000000000000001
0000100000100000000000001110001000000001
0000100000101000000000001111001000000001
0000011111111001000010000010000000000001
0000011111111011001000000010001001000001
0000100000101011001000000010001000000001
0000011111101001000010000011010000000001
0000011111101011001000000010001001000001
0000100000100011001000001000001000000001
0000100000100011001000000010001000000001
0000000000000000000000000000000000000001
0000011111110000000000001110001000000001
0000100000000000000000001111001000000001
0000100000110000000000001111011000000001
0000100000110001000110100010000000000001
0000000000000000000000000000000000000001
0000100000111000000000001110001000000001
0000100001000000000000001111001000000001
0000100000111000000000001100000000000001
0000000000000000000000000000000000000001
0000000000000010111111111010000100000001
1111111111100001000010000010000000000001
0000000000000010111111101010000100000001
1111111111100001000010000010001001000001
0000100000001000000000001110001000000001
0000100001000000000000001100000000000001
0000100000001111111111110010000000000001
1111111111100001000010000010001000000001
0000100000011000000000001110001000000001
0000100000011000000000001100000000000001
0000011011110111111111110010000000000001
0000011111100000000000001110001000000001
0000011001100000000000001100000000000001
0000011001100111111111110010000000000001
0000000000000000000000000000000000000001
0000100010001000000000001110001000000001
0000100010010000000000001111001000000001
0000100001100001000010000010000000000001
0000100001100011010000110010001001000001
0000100010010011010000110010001000000001
0000100001010001000010000011010000000001
0000100001010011010000110010001001000001
0000100010001011010000111000001000000001
0000100010001011010000110010001000000001
0000000000000000000000000000000000000001
0000100001011000000000001110001000000001
0000100001101000000000001111001000000001
0000100010011000000000001111011000000001
0000100010011001000110100010000000000001
0000000000000000000000000000000000000001
0000100010100000000000001110001000000001
0000100010101000000000001111001000000001
0000100010100000000000001100000000000001
0000000000000000000000000000000000000001
0000000000000011001000101010000100000001
1111111111100001000010000010000000000001
0000000000000011001000011010000100000001
1111111111100001000010000010001001000001
0000100001110000000000001110001000000001
0000100010101000000000001100000000000001
0000100001110111111111110010000000000001
1111111111100001000010000010001000000001
0000100010000000000000001110001000000001
0000100010000000000000001100000000000001
0000011001100111111111110010000000000001
0000100001001000000000001110001000000001
0000011100010001000010000010000000000001
1111111101101000000000000000001000000001
0000011101111001000010000010000000000001
1111111101110000000000000000001000000001
0000011111100001000010000010000000000001
1111111101111000000000000000001000000001
0000100001001001000010000010000000000001
1111111110000000000000000000001000000001
0000000000000000000000000000000000000001
0000000000000000000000000000000000000001
0000000000000000000000000000000000000001
0000000000000000000000000000000000000001
0000000000000000000000000000000000000001
0000000000000000000000000000000000000001
0000000000000000000000000000000000000001
0000000000000000000000000000000000000001
0000000000000000000000000000000000000001
0000000000000000000000000000000000000001
0000000000000000000000000000000000000001
0000000000000000000000000000000000000001
0000000000000000000000000000000000000001
0000000000000000000000000000000000000001
0000000000000000000000000000000000000001
0000000000000000000000000000000000000001
0000000000000000000000000000000000000001
0000000000000000000000000000000000000001
0000000000000000000000000000000000000001
0000000000000000000000000000000000000001
0000000000000000000000000000000000000001
0000000000000000000000000000000000000001
0000000000000000000000000000000000000001
0000000000000000000000000000000000000001
0000000000000000000000000000000000000001
0000000000000000000000000000000000000001
0000000000000000000000000000000000000001
0000000000000000000000000000000000000001
0000000000000000000000000000000000000001
0000000000000000000000000000000000000001
0000000000000000000000000000000000000001
0000000000000000000000000000000000000001
0000000000000000000000000000000000000001
0000000000000000000000000000000000000001
0000000000000000000000000000000000000001
0000000000000000000000000000000000000001
0000000000000000000000000000000000000001
0000000000000000000000000000000000000001
0000000000000000000000000000000000000001
0000000000000000000000000000000000000001
0000000000000000000000000000000000000001
0000000000000000000000000000000000000001
0000000000000000000000000000000000000001
0000000000000000000000000000000000000001
0000000000000000000000000000000000000001
0000000000000000000000000000000000000001
0000000000000000000000000000000000000001
0000000000000000000000000000000000000001
0000000000000000000000000000000000000001
0000000000000000000000000000000000000001
0000000000000000000000000000000000000001
0000000000000000000000000000000000000001
0000000000000000000000000000000000000001
0000000000000000000000000000000000000001
0000000000000000000000000000000000000001
0000000000000000000000000000000000000001
0000000000000000000000000000000000000001
0000000000000000000000000000000000000001
0000000000000000000000000000000000000001
0000000000000000000000000000000000000001
0000000000000000000000000000000000000001
0000000000000000000000000000000000000001
0000000000000000000000000000000000000001
0000000000000000000000000000000000000001
0000000000000000000000000000000000000001
0000000000000000000000000000000000000001
0000000000000000000000000000000000000001
0000000000000000000000000000000000000001
0000000000000000000000000000000000000001
0000000000000000000000000000000000000001
0000000000000000000000000000000000000001
0000000000000000000000000000000000000001
0000000000000000000000000000000000000001
0000000000000000000000000000000000000001
0000000000000000000000000000000000000001
0000000000000000000000000000000000000001
0000000000000000000000000000000000000001
0000000000000000000000000000000000000001
0000000000000000000000000000000000000001
0000000000000000000000000000000000000001
0000000000000000000000000000000000000001
0000000000000000000000000000000000000001
0000000000000000000000000000000000000001
0000000000000000000000000000000000000001
0000000000000000000000000000000000000001
0000000000000000000000000000000000000001
0000000000000000000000000000000000000001
0000000000000000000000000000000000000001
0000000000000000000000000000000000000001
0000000000000000000000000000000000000001
0000000000000000000000000000000000000001
0000000000000000000000000000000000000001
0000000000000000000000000000000000000001
0000000000000000000000000000000000000001
0000000000000000000000000000000000000001
0000000000000000000000000000000000000001
0000000000000000000000000000000000000001
0000000000000000000000000000000000000001
0000000000000000000000000000000000000001
0000000000000000000000000000000000000001
0000000000000000000000000000000000000001
0000000000000000000000000000000000000001
0000000000000000000000000000000000000001
0000000000000000000000000000000000000001
0000000000000000000000000000000000000001
0000000000000000000000000000000000000001
0000000000000000000000000000000000000001
0000000000000000000000000000000000000001
0000000000000000000000000000000000000001
0000000000000000000000000000000000000001
0000000000000000000000000000000000000001
0000000000000000000000000000000000000001
0000000000000000000000000000000000000001
0000000000000000000000000000000000000001
0000000000000000000000000000000000000001
0000000000000000000000000000000000000001
0000000000000000000000000000000000000001
0000000000000000000000000000000000000001
0000000000000000000000000000000000000001
0000000000000000000000000000000000000001
0000000000000000000000000000000000000001
0000000000000000000000000000000000000001
0000000000000000000000000000000000000001
0000000000000000000000000000000000000001
0000000000000000000000000000000000000001
0000000000000000000000000000000000000001
0000000000000000000000000000000000000001
0000000000000000000000000000000000000001
0000000000000000000000000000000000000001
0000000000000000000000000000000000000001
0000000000000000000000000000000000000001
0000000000000000000000000000000000000001
0000000000000000000000000000000000000001
0000000000000000000000000000000000000001
0000000000000000000000000000000000000001
0000000000000000000000000000000000000001
0000000000000000000000000000000000000001
0000000000000000000000000000000000000001
0000000000000000000000000000000000000001
0000000000000000000000000000000000000001
0000000000000000000000000000000000000001
0000000000000000000000000000000000000001
0000000000000000000000000000000000000001
0000000000000000000000000000000000000001
0000000000000000000000000000000000000001
0000000000000000000000000000000000000001
0000000000000000000000000000000000000001
0000000000000000000000000000000000000001
0000000000000000000000000000000000000001
0000000000000000000000000000000000000001
0000000000000000000000000000000000000001
0000000000000000000000000000000000000001
0000000000000000000000000000000000000001
0000000000000000000000000000000000000001
0000000000000000000000000000000000000001
0000000000000000000000000000000000000001
0000000000000000000000000000000000000001
0000000000000000000000000000000000000001
0000000000000000000000000000000000000001
0000000000000000000000000000000000000001
0000000000000000000000000000000000000001
0000000000000000000000000000000000000001
0000000000000000000000000000000000000001
0000000000000000000000000000000000000001
0000000000000000000000000000000000000001
0000000000000000000000000000000000000001
0000000000000000000000000000000000000001
0000000000000000000000000000000000000001
0000000000000000000000000000000000000001
0000000000000000000000000000000000000001
0000000000000000000000000000000000000001
0000000000000000000000000000000000000001
0000000000000000000000000000000000000001
0000000000000000000000000000000000000001
0000000000000000000000000000000000000001
0000000000000000000000000000000000000001
0000000000000000000000000000000000000001
0000000000000000000000000000000000000001
0000000000000000000000000000000000000001
0000000000000000000000000000000000000001
0000000000000000000000000000000000000001
0000000000000000000000000000000000000001
0000000000000000000000000000000000000001
0000000000000000000000000000000000000001
0000000000000000000000000000000000000001
0000000000000000000000000000000000000001
0000000000000000000000000000000000000001
0000000000000000000000000000000000000001
0000000000000000000000000000000000000001
0000000000000000000000000000000000000001
0000000000000000000000000000000000000001
0000000000000000000000000000000000000001
0000000000000000000000000000000000000001
0000000000000000000000000000000000000001
0000000000000000000000000000000000000001
0000000000000000000000000000000000000001
0000000000000000000000000000000000000001
0000000000000000000000000000000000000001
0000000000000000000000000000000000000001
0000000000000000000000000000000000000001
0000000000000000000000000000000000000001
0000000000000000000000000000000000000001
0000000000000000000000000000000000000001
0000000000000000000000000000000000000001
0000000000000000000000000000000000000001
0000000000000000000000000000000000000001
0000000000000000000000000000000000000001
0000000000000000000000000000000000000001
0000000000000000000000000000000000000001
0000000000000000000000000000000000000001
0000000000000000000000000000000000000001
0000000000000000000000000000000000000001
0000000000000000000000000000000000000001
0000000000000000000000000000000000000001
0000000000000000000000000000000000000001
0000000000000000000000000000000000000001
0000000000000000000000000000000000000001
0000000000000000000000000000000000000001
0000000000000000000000000000000000000001
0000000000000000000000000000000000000001
0000000000000000000000000000000000000001
0000000000000000000000000000000000000001
0000000000000000000000000000000000000001
0000000000000000000000000000000000000001
0000000000000000000000000000000000000001
0000000000000000000000000000000000000001
0000000000000000000000000000000000000001
0000000000000000000000000000000000000001
0000000000000000000000000000000000000001
0000000000000000000000000000000000000001
0000000000000000000000000000000000000001
0000000000000000000000000000000000000001
0000000000000000000000000000000000000001
0000000000000000000000000000000000000001
0000000000000000000000000000000000000001
0000000000000000000000000000000000000001
0000000000000000000000000000000000000001
0000000000000000000000000000000000000001
0000000000000000000000000000000000000001
0000000000000000000000000000000000000001
0000000000000000000000000000000000000001
0000000000000000000000000000000000000001
0000000000000000000000000000000000000001
0000000000000000000000000000000000000001
0000000000000000000000000000000000000001
0000000000000000000000000000000000000001
0000000000000000000000000000000000000001
0000000000000000000000000000000000000001
0000000000000000000000000000000000000001
0000000000000000000000000000000000000001
0000000000000000000000000000000000000001
0000000000000000000000000000000000000001
0000000000000000000000000000000000000001
0000000000000000000000000000000000000001
0000000000000000000000000000000000000001
0000000000000000000000000000000000000001
0000000000000000000000000000000000000001
0000000000000000000000000000000000000001
0000000000000000000000000000000000000001
0000000000000000000000000000000000000001
0000000000000000000000000000000000000001
0000000000000000000000000000000000000001
0000000000000000000000000000000000000001
0000000000000000000000000000000000000001
0000000000000000000000000000000000000001
0000000000000000000000000000000000000001
0000000000000000000000000000000000000001
0000000000000000000000000000000000000001
0000000000000000000000000000000000000001
0000000000000000000000000000000000000001
0000000000000000000000000000000000000001
0000000000000000000000000000000000000001
0000000000000000000000000000000000000001
0000000000000000000000000000000000000001
0000000000000000000000000000000000000001
0000000000000000000000000000000000000001
0000000000000000000000000000000000000001
0000000000000000000000000000000000000001
0000000000000000000000000000000000000001
0000000000000000000000000000000000000001
0000000000000000000000000000000000000001
0000000000000000000000000000000000000001
0000000000000000000000000000000000000001
0000000000000000000000000000000000000001
0000000000000000000000000000000000000001
0000000000000000000000000000000000000001
0000000000000000000000000000000000000001
0000000000000000000000000000000000000001
0000000000000000000000000000000000000001
0000000000000000000000000000000000000001
0000000000000000000000000000000000000001
0000000000000000000000000000000000000001
0000000000000000000000000000000000000001
0000000000000000000000000000000000000001
0000000000000000000000000000000000000001
0000000000000000000000000000000000000001
0000000000000000000000000000000000000001
0000000000000000000000000000000000000001
0000000000000000000000000000000000000001
0000000000000000000000000000000000000001
0000000000000000000000000000000000000001
0000000000000000000000000000000000000001
0000000000000000000000000000000000000001
0000000000000000000000000000000000000001
0000000000000000000000000000000000000001
0000000000000000000000000000000000000001
0000000000000000000000000000000000000001
0000000000000000000000000000000000000001
0000000000000000000000000000000000000001
0000000000000000000000000000000000000001
0000000000000000000000000000000000000001
0000000000000000000000000000000000000001
0000000000000000000000000000000000000001
0000000000000000000000000000000000000001
0000000000000000000000000000000000000001
0000000000000000000000000000000000000001
0000000000000000000000000000000000000001
0000000000000000000000000000000000000001
0000000000000000000000000000000000000001
0000000000000000000000000000000000000001
0000000000000000000000000000000000000001
0000000000000000000000000000000000000001
0000000000000000000000000000000000000001
0000000000000000000000000000000000000001
0000000000000000000000000000000000000001
0000000000000000000000000000000000000001
0000000000000000000000000000000000000001
0000000000000000000000000000000000000001
0000000000000000000000000000000000000001
0000000000000000000000000000000000000001
0000000000000000000000000000000000000001
0000000000000000000000000000000000000001
0000000000000000000000000000000000000001
0000000000000000000000000000000000000001
0000000000000000000000000000000000000001
0000000000000000000000000000000000000001
0000000000000000000000000000000000000001
0000000000000000000000000000000000000001
0000000000000000000000000000000000000001
0000000000000000000000000000000000000001
0000000000000000000000000000000000000001
0000000000000000000000000000000000000001
0000000000000000000000000000000000000001
0000000000000000000000000000000000000001
0000000000000000000000000000000000000001
0000000000000000000000000000000000000001
0000000000000000000000000000000000000001
0000000000000000000000000000000000000001
0000000000000000000000000000000000000001
0000000000000000000000000000000000000001
0000000000000000000000000000000000000001
0000000000000000000000000000000000000001
0000000000000000000000000000000000000001
0000000000000000000000000000000000000001
0000000000000000000000000000000000000001
0000000000000000000000000000000000000001
0000000000000000000000000000000000000001
0000000000000000000000000000000000000001
0000000000000000000000000000000000000001
0000000000000000000000000000000000000001
0000000000000000000000000000000000000001
0000000000000000000000000000000000000001
0000000000000000000000000000000000000001
0000000000000000000000000000000000000001
0000000000000000000000000000000000000001
0000000000000000000000000000000000000001
0000000000000000000000000000000000000001
0000000000000000000000000000000000000001
0000000000000000000000000000000000000001
0000000000000000000000000000000000000001
0000000000000000000000000000000000000001
0000000000000000000000000000000000000001
0000000000000000000000000000000000000001
0000000000000000000000000000000000000001
0000000000000000000000000000000000000001
0000000000000000000000000000000000000001
0000000000000000000000000000000000000001
0000000000000000000000000000000000000001
0000000000000000000000000000000000000001
0000000000000000000000000000000000000001
0000000000000000000000000000000000000001
0000000000000000000000000000000000000001
0000000000000000000000000000000000000001
0000000000000000000000000000000000000001
0000000000000000000000000000000000000001
0000000000000000000000000000000000000001
0000000000000000000000000000000000000001
0000000000000000000000000000000000000001
0000000000000000000000000000000000000001
0000000000000000000000000000000000000001
0000000000000000000000000000000000000001
0000000000000000000000000000000000000001
0000000000000000000000000000000000000001
0000000000000000000000000000000000000001
0000000000000000000000000000000000000001
0000000000000000000000000000000000000001
0000000000000000000000000000000000000001
0000000000000000000000000000000000000001
0000000000000000000000000000000000000001
0000000000000000000000000000000000000001
0000000000000000000000000000000000000001
0000000000000000000000000000000000000001
0000000000000000000000000000000000000001
0000000000000000000000000000000000000001
0000000000000000000000000000000000000001
0000000000000000000000000000000000000001
0000000000000000000000000000000000000001
0000000000000000000000000000000000000001
0000000000000000000000000000000000000001
0000000000000000000000000000000000000001
0000000000000000000000000000000000000001
0000000000000000000000000000000000000001
0000000000000000000000000000000000000001
0000000000000000000000000000000000000001
0000000000000000000000000000000000000001
0000000000000000000000000000000000000001
0000000000000000000000000000000000000001
0000000000000000000000000000000000000001
0000000000000000000000000000000000000001
0000000000000000000000000000000000000001
0000000000000000000000000000000000000001
0000000000000000000000000000000000000001
0000000000000000000000000000000000000001
0000000000000000000000000000000000000001
0000000000000000000000000000000000000001
0000000000000000000000000000000000000001
0000000000000000000000000000000000000001
0000000000000000000000000000000000000001
0000000000000000000000000000000000000001
0000000000000000000000000000000000000001
0000000000000000000000000000000000000001
0000000000000000000000000000000000000001
0000000000000000000000000000000000000001
0000000000000000000000000000000000000001
0000000000000000000000000000000000000001
0000000000000000000000000000000000000001
0000000000000000000000000000000000000001
0000000000000000000000000000000000000001
0000000000000000000000000000000000000001
0000000000000000000000000000000000000001
0000000000000000000000000000000000000001
0000000000000000000000000000000000000001
0000000000000000000000000000000000000001
0000000000000000000000000000000000000001
0000000000000000000000000000000000000001
0000000000000000000000000000000000000001
0000000000000000000000000000000000000001
0000000000000000000000000000000000000001
0000000000000000000000000000000000000001
0000000000000000000000000000000000000001
0000000000000000000000000000000000000001
0000000000000000000000000000000000000001
0000000000000000000000000000000000000001
0000000000000000000000000000000000000001
0000000000000000000000000000000000000001
0000000000000000000000000000000000000001
0000000000000000000000000000000000000001
0000000000000000000000000000000000000001
0000000000000000000000000000000000000001
0000000000000000000000000000000000000001
0000000000000000000000000000000000000001
0000000000000000000000000000000000000001
0000000000000000000000000000000000000001
0000000000000000000000000000000000000001
0000000000000000000000000000000000000001
0000000000000000000000000000000000000001
0000000000000000000000000000000000000001
0000000000000000000000000000000000000001
0000000000000000000000000000000000000001
0000000000000000000000000000000000000001
0000000000000000000000000000000000000001
0000000000000000000000000000000000000001
0000000000000000000000000000000000000001
0000000000000000000000000000000000000001
0000000000000000000000000000000000000001
0000000000000000000000000000000000000001
0000000000000000000000000000000000000001
0000000000000000000000000000000000000001
0000000000000000000000000000000000000001
0000000000000000000000000000000000000001
0000000000000000000000000000000000000001
0000000000000000000000000000000000000001
0000000000000000000000000000000000000001
0000000000000000000000000000000000000001
0000000000000000000000000000000000000001
0000000000000000000000000000000000000001
0000000000000000000000000000000000000001
0000000000000000000000000000000000000001
0000000000000000000000000000000000000001
0000000000000000000000000000000000000001
0000000000000000000000000000000000000001
0000000000000000000000000000000000000001
0000000000000000000000000000000000000001
0000000000000000000000000000000000000001
0000000000000000000000000000000000000001
0000000000000000000000000000000000000001
0000000000000000000000000000000000000001
0000000000000000000000000000000000000001
0000000000000000000000000000000000000001
0000000000000000000000000000000000000001
